ISS (ZARYA)
1 25544U 98067A   24001.50000000  .00016717  00000-0  30200-3 0  9993
2 25544  51.6412 200.2349 0006703  50.4522 309.6749 15.49560532 12345
HST (HUBBLE)
1 20580U 90037B   24001.50000000  .00000450  00000-0  13800-4 0  9999
2 20580  28.4697  45.2341 0002730 120.4521 239.7124 15.09068921456789
STARLINK-1007
1 44713U 19074A   24001.50000000  .00002000  00000-0  15000-3 0  9990
2 44713  53.0540 120.4521 0001400  90.2345 269.8912 15.06390123 12345
STARLINK-1021
1 44714U 19074B   24001.50000000  .00002100  00000-0  15200-3 0  9991
2 44714  53.0540 123.5672 0001200  85.1234 274.9023 15.06401234 12346
STARLINK-1045
1 44715U 19074C   24001.50000000  .00001900  00000-0  14800-3 0  9992
2 44715  53.0540 126.7891 0001350  88.3456 271.6789 15.06378901 12347
STARLINK-1060
1 44716U 19074D   24001.50000000  .00002200  00000-0  15500-3 0  9993
2 44716  53.0540 129.8901 0001100  92.5678 267.4567 15.06412345 12348
STARLINK-1082
1 44717U 19074E   24001.50000000  .00001800  00000-0  14600-3 0  9994
2 44717  53.0540 132.1234 0001250  86.7890 273.2345 15.06389012 12349
STARLINK-1108
1 44718U 19074F   24001.50000000  .00002300  00000-0  15700-3 0  9995
2 44718  53.0540 135.2345 0001300  91.0123 269.0123 15.06423456 12350
STARLINK-1125
1 44719U 19074G   24001.50000000  .00001750  00000-0  14400-3 0  9996
2 44719  53.0540 138.3456 0001180  87.2345 272.8901 15.06395678 12351
COSMOS-2251 DEB
1 34492U 93036RQ  24001.50000000  .00000350  00000-0  58000-4 0  9997
2 34492  74.0380 340.2345 0045670 280.1234  78.4567 14.36789012 12345
FENGYUN-1C DEB
1 30923U 99025AB  24001.50000000  .00000200  00000-0  42000-4 0  9998
2 30923  99.1230 150.4567 0012340 310.5678  49.2345 14.89012345 12345
TERRA
1 25994U 99068A   24001.50000000  .00000100  00000-0  25000-4 0  9991
2 25994  98.2100 240.5678 0001200 100.3456 259.7890 14.57100000 12345
AQUA
1 27424U 02022A   24001.50000000  .00000080  00000-0  20000-4 0  9992
2 27424  98.2100 280.6789 0001250  95.4567 264.5678 14.57200000 12345
LANDSAT-9
1 49260U 21088A   24001.50000000  .00000050  00000-0  15000-4 0  9993
2 49260  98.2200 190.7890 0001180 105.5678 254.4567 14.57150000 12345
SENTINEL-2A
1 40697U 15028A   24001.50000000  .00000030  00000-0  12000-4 0  9994
2 40697  98.5600 350.8901 0001150 110.6789 249.3456 14.30860000 12345
GPS BIIR-2
1 28474U 04038A   24001.50000000 -.00000020  00000-0  00000-0 0  9995
2 28474  55.5300  60.1234 0056780 240.3456 118.4567  2.00563400 12345
GPS BIIF-5
1 39533U 14008A   24001.50000000 -.00000010  00000-0  00000-0 0  9996
2 39533  55.4100 120.2345 0045600 250.4567 108.5678  2.00561200 12345
GLONASS-M 48
1 41379U 16032A   24001.50000000  .00000010  00000-0  00000-0 0  9997
2 41379  64.7800 180.3456 0012340 260.5678  98.6789  2.13102500 12345
GOES-16
1 41866U 17002A   24001.50000000 -.00000010  00000-0  00000-0 0  9998
2 41866   0.1200 300.4567 0001200 270.6789  88.7890  1.00270000 12345
GOES-17
1 43226U 18022A   24001.50000000 -.00000005  00000-0  00000-0 0  9999
2 43226   0.2500 310.5678 0001150 275.7890  83.8901  1.00271500 12345
MOLNIYA 1-93
1 25485U 98046A   24001.50000000  .00000500  00000-0  67000-4 0  9990
2 25485  62.8500 170.6789 7212340 280.8901  30.9012  2.00567800 12345
NOAA-19
1 33591U 09005A   24001.50000000  .00000060  00000-0  18000-4 0  9991
2 33591  99.1200 220.7890 0013500 115.9012 244.0123 14.12400000 12345
